-6.078153438394479080e-02
1.435899975796856975e-03
5.916086024878025942e-03
1.259114473748805807e-01
2.341672161645083627e-02
1.873343497502149430e-02
1.765829107629782874e-02
-1.479013557983914658e-02
5.716457936812609220e-02
-1.256204750850940625e-02
2.120876013772930377e-02
-3.569406451867770252e-02
-6.542600202894431269e-04
-2.475600633981773005e-02
-7.694351848596658883e-02
-3.710052231722056615e-02
-3.538892890171583816e-01
1.579687111472899072e-02
5.344645267499208636e-06
-1.161171441742043196e-02
-2.243774669944298417e-02
-3.126198732329736329e-01
-2.620319921581678799e-02
-7.328599579575491296e-02
-4.086808688014480218e-02
2.308756170503501251e-02
-2.624750711786355464e-03
-6.376295796786825287e-02
7.960837273722795593e-02
4.024749976634587646e-03
1.512141535053014314e-03
2.758374061866490732e-03
-1.541369658342786955e-02
8.146596732190421880e-03
-2.557206466758567623e-02
6.512788984001437187e-02
2.952353522274286934e-02
2.647854690692364940e-02
-5.005116379875660521e-02
-4.073812309990628572e-02
-3.383166740706378128e-02
1.197838665664344941e-03
4.408260162680401051e-03
2.941042843289727593e-03
6.806433766903727776e-03
8.526019690815120084e-04
5.906679137649932000e-03
-9.891696577314083860e-03
8.727664668128815723e-03
-5.663352987141116648e-04
-9.370860089254903769e-02
6.848868593716243847e-03
1.037411280763795695e-03
-1.741043876026689141e-02
-2.168020644287826926e-02
-4.357392413100647302e-03
4.798606512932749625e-03
1.242594643744961841e-02
1.602395599675667665e-02
-2.748869887508555068e-03
-3.013286708189850515e-03
8.128413388046163909e-03
5.727472277384686346e-03
-8.706139757121773154e-03
-1.588161840415507065e-02
-5.984212823394400443e-02
1.849240012020612889e-02
1.471549792840871895e-02
9.715410558926246276e-03
2.265773352409361160e-02
-3.155788364936141827e-04
2.726365274236486292e-04
-9.927030449410805327e-04
6.570717205424490837e-02
3.375906289005536909e-02
-1.562169312949024044e-02
3.169303847308926197e-02
1.228366683329056540e-02
-5.742965376503802316e-02
-1.507418561729288557e-02
-8.841860108329685497e-03
-6.296129445889235565e-02
5.986099234886376776e-03
8.201741982547579995e-03
7.682611106603813393e-05
-1.255642030127060611e-02
1.655151380286086840e-02
3.991180143773424144e-02
-4.238310525449007909e-02
-1.450906824791562159e-03
1.257043200034353193e-02
-1.570294101245837796e-04
-4.583928297388019428e-05
2.429480463541207075e-03
-5.731855255766925977e-03
1.037416224122079435e-02
-4.758897077472470927e-02
3.368769832913461049e-02
-2.098541858964521681e-03
-1.590663415737663886e-02
-1.199292370705663628e-02
2.994020451819275151e-03
-4.698955454873185444e-03
-6.699179308468123858e-03
1.485919103816340722e-02
-2.091054259295456116e-02
-1.048451036398602779e-02
-1.165961175632518809e-03
-4.571893585482086366e-04
2.051051919071595654e-04
5.003368487340286976e-05
-2.146274825440419934e-02
-1.649050816547694039e-03
8.229004391493656770e-03
1.408164236434519693e-03
3.875105685205395244e-03
2.297418016685068547e-03
-2.997312963188787215e-03
3.445840023536960936e-03
-3.136456714605542762e-02
2.360273410658327627e-03
-2.832851189126394558e-06
1.489192651155636475e-02
-1.272418267952740885e-02
-1.336731312272792724e-02
4.061897175090610490e-02
3.611725005240912830e-03
5.425667848999196803e-03
2.364246483963977977e-02
-3.471975010864012529e-02
3.745842346060314614e-03
-7.656625367452742732e-05
-4.672007687837753491e-03
3.743534606862252041e-03
6.067607356303355345e-05
2.733992910465311301e-04
1.122942612261350380e-03
1.547091348348538658e-05
-1.131625019354954610e-02
1.027203502430345562e-03
3.061395202276402314e-02
-7.668867698178221184e-03
2.908548610953409427e-02
-3.489070004434942796e-03
1.166602636103287668e-02
5.361388839524379619e-03
-1.241568044019114711e-03
-4.610278283100714518e-03
-3.169350318214179431e-03
-2.155539993458471804e-02
-7.963394728450756688e-03
-1.147586228381570171e-02
2.150550722443564378e-03
-3.751923999089030147e-03
9.484270926744720401e-03
-8.544672057987123467e-03
7.096804691533739086e-03
-7.540394049667189375e-03
-2.844053073774750230e-03
1.295765390719831947e-02
1.930027225733938444e-03
-1.063606035938057491e-02
-1.028203965941810148e-02
-5.406576782563541489e-03
5.640346975987616321e-03
5.843961679029526131e-03
-2.489199588779892128e-03
-1.509292039478577971e-02
8.220922529947117738e-03
-9.753564984853129545e-04
7.130373676667380077e-04
8.927856455151213233e-03
1.784591175502284535e-02
1.721970545046883072e-02
-7.708894390116501072e-02
5.633561785810763285e-03
2.279152629155021051e-02
-2.969900489969293927e-02
9.933831198954806414e-07
-1.295928884212378673e-03
-9.301378139017074664e-03
3.145729192317594375e-02
-3.762297046328577643e-02
-6.486292353720390924e-02
5.863653936950620482e-02
-4.920878762605420537e-02
3.170024164149336937e-02
6.245352263768199491e-02
2.217171966782268203e-02
6.478044579886503042e-03
-2.621900651455013470e-02
2.214273869945888873e-03
1.330994203262401802e-02
-1.357814272104671850e-02
1.112000509856720569e-03
-1.106457817783624772e-02
1.443276111381683151e-02
8.229156562019815727e-03
-6.202932899412851031e-03
-5.643544735278072273e-03
-5.643151501843951708e-03
-2.436317996501919953e-03
1.095938572867580056e-02
1.098727406918612384e-03
1.031725516644728391e-02
2.458519487669436066e-02
2.546539122767125379e-02
4.656346958350877224e-02
-3.283718442738708249e-02
2.126738397752179349e-02
-1.579765828433262950e-02
-1.269596835244823918e-02
1.496425115752949599e-02
-3.884707979784869647e-02
3.432149424519059105e-02
6.631728561735090663e-03
6.160078831550266226e-02
-3.289558327237811219e-02
-6.298790234724442215e-04
-2.540427199084868866e-04
-7.602569402115759195e-05
-1.693754416127271900e-01
-5.091311354265215527e-03
-1.075251895939541708e-01
-1.304063679263603968e-02
-2.777393214795940545e-03
1.095869801476093142e-02
-2.184002728882812258e-02
-5.763312984642867277e-04
1.365698066631964962e-03
1.565660355311438573e-02
-1.770590586497588353e-02
3.028763819777838782e-03
-2.524687196628760261e-02
-1.983024182575817557e-02
5.998148227754902632e-03
5.480241819076062462e-03
-7.647318564286312292e-02
2.961891339137281629e-02
-4.265306108707065877e-03
1.002477926539002695e-02
-9.545847636702260025e-03
-2.639508573607066838e-02
1.264661404936658681e-03
-5.517249898678433647e-04
2.636956002298245991e-03
1.242902564005843660e-02
1.930460416070258270e-02
2.349415356387031528e-02
-2.001408737562832343e-02
-2.185732611353527130e-02
1.646529299023130957e-02
-7.718140719416728517e-03
4.089545559274109648e-02
3.277486176029728582e-02
-8.878272772672834556e-04
-6.626739571900660489e-04
2.001419258732589287e-02
2.185761111663759096e-02
8.012952628922478601e-03
-2.231507635399952380e-02
-2.017636474252823900e-02
-2.204372490989685851e-01
-2.329560841013420813e-01
-2.756721627834422469e-02
-1.043670306062265303e-02
2.633075660955375846e-02
-1.175014233138783025e-02
4.076674758719335588e-04
4.230244329794302302e-03
3.238816387777120249e-04
3.813567481805975670e-03
-1.675654312040493000e-03
3.210386886209311633e-03
5.448370311142331640e-03
-4.441174089534794499e-03
-1.037243414481456814e-02
1.685527288919199578e-03
1.359126701936225722e-02
-8.910319348193749753e-03
8.788647031936583712e-03
2.377554827528353606e-03
-3.319158959478245123e-03
-4.159352616650422623e-04
-4.824467796297001246e-03
2.288123193063523048e-02
-2.786552067425442439e-02
-5.939683283229006683e-02
-1.096759885043664326e-02
-6.539148353657425229e-03
-1.464902978297144900e-02
1.614978628721927198e-02
2.522940058101155042e-02
-1.401896679362628351e-03
-1.652298464046818944e-03
-3.828006064398910800e-03
-2.976749575616327494e-03
2.229413473369390442e-02
5.339727674253506168e-02
8.389363601045947763e-03
-1.073046379988437486e-02
4.362259293488240930e-02
4.146025171689397305e-03
1.842838696653268868e-02
-2.325703222966856928e-03
-1.934362006571794385e-02
-1.299299585940726434e-02
-3.169917540610694626e-03
9.228981299697474119e-03
3.505216912550808417e-02
4.881766639547342052e-02
-7.309819238222974025e-02
6.272614478538342773e-03
-7.579956756720306124e-07
-2.619253230680486638e-03
-7.450712856891348636e-03
-9.257178836625676310e-02
-1.608580782732661751e-02
-3.605550438717673029e-02
-7.811360969034927652e-03
4.147243599904416184e-03
6.350479625358071011e-05
-4.089031805329842312e-02
-1.003419858988302982e-03
-1.854422302000580244e-03
7.330921985489068614e-03
-8.778219615953370206e-03
-4.383246964118733130e-03
-2.529282509764892856e-02
-1.736663158650538288e-02
-4.345142115707535668e-02
-2.110276663001873707e-02
-1.250973331866377797e-02
2.165230627065955343e-02
1.432051725540322857e-03
-1.240658818532929149e-02
1.171174982957797709e-03
1.255284443873061744e-03
1.755176754046976174e-04
8.592639868735986799e-03
-2.429659910812784489e-04
9.457179555405058769e-04
-8.262018603909628348e-03
8.200224718493128589e-03
3.834869257449382424e-03
-7.308467949634944727e-02
-9.260893396788510978e-03
-2.397687768777473361e-02
5.243713171090533948e-02
2.231182265241720471e-03
8.287627502447459174e-03
1.433055609811134884e-03
4.602001996751827438e-03
-5.998462607828548322e-03
4.426975522667259827e-03
-4.170630904552665558e-04
3.906426834068319788e-03
-2.652825257071703483e-03
-1.387336505847331682e-02
-6.067749502822968044e-02
-4.802570160818319528e-02
2.093831982092328806e-02
1.419732922692846198e-02
-1.072455391839547897e-02
2.074160814780242473e-02
-2.084687787472328229e-03
-8.439020128895376345e-04
-1.772464905233715965e-03
5.298140174717209244e-02
1.782767426530025914e-02
-8.613171071497448261e-02
6.018209751506223629e-03
1.405951236950103538e-02
4.849464521217691781e-02
-2.319660333408663823e-03
-6.020973299273478171e-03
-5.312910079344620312e-02
9.350914473848890782e-03
9.391819957983748787e-03
2.035117934469534342e-05
-1.369432889278578147e-03
-2.827647686761078968e-03
-2.826973896594171722e-03
-2.422641640064265595e-03
-9.417010180226944444e-03
1.803040736739311162e-03
-5.995701192758246575e-05
-2.227838090724917810e-03
9.633966103117626517e-04
-1.217425940204930898e-03
3.025656311744598392e-04
2.536321991251070610e-03
4.101605031369974508e-02
-2.080253251225626376e-02
4.394499536744179979e-02
1.410617942553041553e-03
-1.177023973028931431e-03
-3.839992437839349817e-04
-9.357940395563467970e-04
-9.996436628868184994e-04
9.567102014015718995e-04
1.708038557999120048e-03
-1.194717912824172328e-02
6.072121370983813750e-03
2.555319905879669361e-04
2.517004837604412929e-06
-5.320777388595484408e-03
-4.042838974962736616e-04
3.898537138990339597e-05
-2.795181690353830108e-05
1.773565254777878866e-03
1.472512385869690320e-02
2.765707557241887243e-02
-1.430308358601873817e-03
-5.856309325899851370e-02
8.329777548454820636e-04
-2.765083930427402774e-05
-4.000627443942369717e-04
4.754756420178990299e-03
7.643607573581250600e-04
4.446626272592547890e-03
8.006665290772882818e-04
1.349866933408394923e-04
-3.726976651715479416e-05
6.314645088504960112e-05
3.016248260979487172e-02
-1.900032301200731740e-03
-1.865470311587735450e-02
-5.826312109320363900e-04
2.115789276607922033e-04
-5.638371264090315466e-04
2.462149531775986375e-03
-4.048770663827259151e-04
-3.783130541973229316e-02
2.161619058973379692e-02
3.063787404207222315e-02
-6.128325912734238455e-03
2.745514319626489105e-02
2.223497837841726527e-02
1.341499560781017793e-02
-1.256055126930763141e-02
-3.236761935371768213e-03
4.125431841284076841e-03
-1.226941184901129999e-04
4.091415112898206391e-02
2.677751804684578760e-04
-2.660071171846936644e-02
-6.713605250636467403e-03
1.246063007168566467e-03
1.778839113747796019e-02
1.778793025432630478e-03
-1.745705683968709968e-02
1.968959178836850003e-03
3.759006561119667615e-04
5.236799454958995792e-02
4.855422879399063957e-04
-3.280539444254529369e-02
-3.154911459108117322e-02
-1.720480345592331588e-03
2.582116789350118874e-03
-1.080391414580001667e-04
2.081074778851652556e-05
-2.072219720942562304e-03
-6.468658827138465102e-04
-6.765675712844557111e-04
1.416382721303273504e-03
7.734329564550892870e-04
-1.417249243458587040e-03
-5.752494268763387597e-02
-9.407068368229539942e-03
3.240804376849769613e-03
-6.254483567659497451e-03
5.834073799540636339e-03
1.659772041605740364e-02
2.439499115859489024e-03
-2.047796230629376872e-03
-1.681733855658837026e-02
5.726197563012615406e-03
7.926320428125131420e-03
1.413216565499401424e-02
-3.356894675989133617e-03
1.346734278492914445e-02
1.212438258345612321e-02
-5.071648627039560681e-03
7.554176824830431507e-03
-2.891863403414682288e-02
-3.140219137001661835e-03
-2.623379542313009072e-03
3.445490688015926534e-02
-1.095693757264409700e-02
-1.443043041300292153e-03
4.496101891906131159e-03
-2.123784243008695286e-03
-5.227068616183559550e-03
4.539050873265034272e-03
4.539044705924331034e-03
8.103464644026285319e-04
-8.406723391126502340e-03
5.076544852939911083e-03
-2.592127530885190035e-03
-1.185057977304508799e-02
-1.087659561591730085e-02
-4.078079396017514346e-02
8.244859692459697437e-03
2.692507565785918350e-02
6.272252583286210860e-03
4.026966538871890565e-03
5.607031870629105436e-03
-3.367054829672851135e-02
2.166251275921435987e-02
-9.700937296028883019e-04
1.852502169551892633e-02
-2.391837759276560504e-02
-2.132676043703979416e-04
3.299967951970462750e-04
1.113293842423101554e-03
7.045581547786677890e-02
-5.577101484618497695e-02
5.473165286978091265e-02
-7.892592959317087931e-03
-1.483699468755140909e-02
1.442490833373467202e-02
5.200441157868264559e-03
-1.054818518542457659e-02
1.514772809196265717e-03
1.384977009272362822e-02
-2.796438947095801833e-02
-2.248917968446796731e-03
5.146853016304080109e-04
-1.126300093296219926e-02
-2.552550869014271785e-03
-6.378253891098614736e-02
7.682052382110018084e-03
-1.141554352221711525e-02
1.813240406522205039e-03
-2.449270938976644187e-03
4.623866186329310835e-04
4.084249044339550126e-03
5.206698388983783607e-04
3.025037984646624170e-03
7.642691611057784952e-04
-2.690395276404143436e-03
-6.139359364366683142e-03
-2.670797432953113393e-03
-6.609610563510959387e-03
-7.890927062514263568e-03
2.739698658474167599e-03
-8.001787732552945610e-04
-4.541536721946326516e-02
-1.807792702416970848e-02
-1.433789888713475306e-05
-8.091187013704456905e-06
-6.610667726702259758e-03
-7.891510015080600848e-03
-5.301754590180287989e-03
1.938893618382704284e-02
2.287097628676889455e-02
-1.629874204379811245e-02
2.326864509214953618e-04
1.638369558105499599e-02
-3.714734210988477909e-03
3.543155619405215229e-02
1.540326271651427069e-02
-8.158095120694514035e-03
-1.758249825319041764e-03
-5.081286740933368441e-03
1.420676391177720307e-02
-4.686259353860712453e-04
-7.932882412768635719e-04
1.751704567327369523e-03
-2.553897829240911813e-02
7.828135221965982007e-03
-2.155423706440113066e-03
1.507040860423099204e-02
-7.839912803840365027e-03
2.352700641219227396e-04
1.567277855004950426e-02
6.012654306727071782e-03
1.981739907953320378e-04
-3.509261265131777274e-03
1.568766924207964236e-02
-1.113678887405710784e-02
-3.171899547654195850e-02
-4.295697709707863021e-03
-2.508377934328977037e-03
-5.840759363317564457e-03
-4.064926210603074866e-03
-9.961699258948795641e-03
5.701036809891173694e-03
7.169277871250252440e-03
-8.586811907338373889e-04
1.721253789286520319e-03
-4.717778911853817009e-03
-1.094905253429203848e-02
-3.391661497664404112e-02
-4.031003599618087838e-03
-4.172487554720635643e-03
-1.172841112393388854e-03
2.704280410284904540e-02
-1.132896942020532966e-03
1.036500277391682462e-02
8.477248229243021863e-03
-6.671977921495534335e-03
-2.743033451877238509e-03
2.497287716823114265e-03
-3.730017308636110474e-02
-1.505046856891846009e-02
2.379707452823678730e-03
-1.468926496026373089e-04
7.608324371589201434e-05
-2.428950020812284220e-03
-2.720864860294897394e-02
-2.516322071504925335e-03
-1.647116092901732345e-02
-1.475034660271546056e-03
-6.313094374016557306e-03
-2.353133691131084745e-04
-5.100747186511381953e-02
-9.668169688644073778e-02
-4.105932166599856378e-04
4.684301367928860212e-03
-5.661689957279480642e-03
-2.560277117984725197e-04
8.823532838446813964e-03
-1.384607754170099313e-02
8.100174105372384345e-03
-1.418213558498840256e-03
-8.651459666904075599e-03
7.993627568095266686e-03
1.657935552564568024e-03
-6.823565035988719786e-04
-2.145955545758330626e-03
-3.185893373225487813e-03
3.203950025224660257e-04
-1.133318518813337950e-02
1.083626661758642536e-03
-7.898407949985179581e-04
-9.060824287257709247e-04
6.769330282717478386e-03
-2.415867119987867660e-03
-4.118528594288388238e-03
-8.923248199573974478e-04
3.618167577555352190e-05
-2.007577676893371882e-02
2.305411970369525970e-02
6.231092223872978673e-04
-5.359449130908329820e-03
-1.123226196737192421e-02
-9.340716365858144771e-03
3.526281386774223359e-03
1.986404242301142032e-03
-8.335419976866603395e-03
1.149849641899054840e-03
-4.086820180448136157e-03
5.512959608687367091e-02
2.632028478991691942e-02
-3.283902584994853775e-03
-2.236738391590014502e-02
-2.106386267773825358e-02
-2.142263822293352313e-02
7.622185853876689478e-04
1.371910017896474940e-03
-1.968937374176994541e-03
2.387441065538079433e-03
-1.068269951879781930e-02
1.907544977138625475e-02
-1.903439755025025659e-02
-1.462000498890227672e-02
-4.015574965102535615e-02
6.969592780766490888e-04
4.138972801720159321e-03
1.331180203275713347e-01
-6.695901565319223704e-04
2.806829266036156480e-04
8.075657492753056431e-04
1.554938600005815552e-04
-2.899134161345863579e-03
-5.634212575370622228e-03
6.876560318804281896e-03
1.388482174624330314e-03
-6.707003005610647373e-04
-3.511983323468308767e-04
-3.075967508589324715e-04
-3.042734944818649922e-04
9.562208858510084630e-04
-2.777212004649800441e-04
4.185516937357637059e-03
7.415456174476959747e-03
-2.632336452160494579e-04
-8.284692732095444781e-03
2.688967543152872295e-04
8.931890107181368436e-04
4.000392838557667688e-05
7.559252645243797603e-05
-5.662377737828235480e-05
3.313898851126369054e-04
1.340391689928932285e-05
-6.599293738550996184e-04
1.973956494893305187e-05
4.805670840011385596e-04
-5.922629206975898119e-05
4.591710454438582834e-03
2.735166167556199048e-05
-1.268407166127887475e-04
-2.916399349917172156e-06
-9.789238405371372123e-05
9.684697122474412697e-04
-4.288613730532783719e-03
-1.914878202312390743e-05
-9.325290973368319941e-03
2.091615236152855623e-05
-3.048855993519881437e-04
-1.400256459524723874e-05
2.260637243883205683e-05
1.596985040011036230e-05
-1.188907569607186159e-04
-5.966761486206300418e-06
-9.767280743174802809e-06
-6.330375934502923839e-05
1.278015209220109900e-04
1.243720644555954208e-03
-3.547140771658678990e-05
-1.840182413477202232e-03
-1.110013961198500153e-05
2.620289647165894494e-05
2.611345829015084170e-03
4.252529632625230639e-04
-9.185770192228282828e-05
-3.799185799414130874e-03
2.625989022829223701e-05
2.138513724781600060e-03
2.403727436930814642e-04
3.599216401782474178e-03
1.234152001936052309e-03
1.806801641610274265e-03
1.886515287995263555e-03
6.449371787944438179e-04
-5.022034398488037579e-04
1.717882473130554811e-04
5.856963803238849318e-04
1.201359884256899841e-04
-2.823693018378104543e-03
5.211395844937773787e-04
-4.478512021043734711e-05
2.467470455095954664e-03
8.782099840578930000e-05
4.279667066031786829e-03
5.940631210157714401e-04
5.640189633769072665e-05
5.846212275212596572e-03
1.459950980171818825e-04
-4.155556905812508688e-03
-3.184890071199215043e-03
2.419004237118731215e-04
-2.453226816909016101e-04
-4.597749057086979709e-06
-4.965644636577604548e-07
1.006987472042176384e-03
-4.117468146401327472e-04
1.194827057104317210e-04
-8.558610660519568969e-05
-3.831331946775881430e-04
-1.209423165002534474e-03
2.757129745642633231e-02
2.054231568973620501e-03
-1.581969601108880463e-03
-5.267592175412688692e-04
2.024755299648423393e-02
-5.944420135479366830e-04
-4.007067086894448241e-04
2.414068106940390254e-04
-1.856459040896097897e-03
3.711775123404983771e-03
5.311155770731544254e-03
-4.867217585737233093e-03
2.702586002989366444e-03
-2.281454012944846618e-03
-3.061773120383153371e-03
-3.078609047251248379e-05
5.775880824554614854e-04
-2.479913019219008585e-03
1.009571896231315283e-02
4.689822121577813096e-04
6.000919348285976840e-03
-3.804124414862895213e-03
2.349632632846924106e-03
-7.679955001597659967e-03
-5.817740564314381936e-05
-2.172715551909734904e-04
-3.791099115858019390e-03
-3.791097538764798616e-03
-5.134337966305128193e-05
5.642149684668929140e-03
-4.462159482415457672e-03
3.994593061337527455e-04
5.338175574773286816e-03
4.603243183739412492e-03
3.050711725939321203e-02
-9.120063690721984251e-03
8.827762918238255679e-03
-2.380371188169741990e-03
-1.264390977058801706e-03
2.071257357022219473e-03
-1.559106553969091813e-02
-3.530147765091046913e-02
-1.432629285140173472e-02
5.217951226363158439e-03
1.260673066351119913e-02
-9.252998794979644523e-04
1.202037453250773594e-04
1.996529491078528461e-03
4.433372002749848967e-02
-2.736194891325428522e-02
-2.524631588419780012e-02
6.569065668566297089e-02
-4.751907684823311433e-03
2.385875139207227318e-03
6.616004775482160673e-04
2.362054813314458466e-03
-2.278569709748763162e-04
7.403406858242486156e-03
2.928770158122389125e-02
-5.770491380038611029e-04
1.253342566985264812e-02
-9.025905138509742603e-03
9.992706080311553919e-04
4.483736844002603368e-03
-8.284595586814094345e-03
4.252450910900274980e-03
-1.065222406896366726e-04
5.955970666797997127e-04
-4.004015493720129595e-05
-2.320264204634540700e-04
-1.629113651363306689e-05
-1.944893289537477329e-04
-6.565641467477895360e-05
2.508816574075174743e-04
1.935100873034536952e-03
1.628679159637976080e-03
-2.122900314990455641e-03
-2.763136532100398269e-03
-1.315151815604167292e-04
2.783903747655993343e-05
2.094632124290235139e-02
9.123393750609540276e-03
1.667937564000448130e-05
4.856275790801550883e-05
2.121820707062467126e-03
2.761740811250989070e-03
2.864155797918309723e-03
-1.576718936700561582e-04
9.210720489799597080e-03
1.612959079662837705e-02
9.576481969065889568e-03
-1.023048275604620735e-02
1.245762897734467795e-03
-1.280549923100465608e-02
6.683496098682741374e-03
1.141722469887493895e-03
1.520901271771994245e-04
3.231479877268605191e-03
-2.545808277308399866e-03
1.360321206740403824e-04
1.985825008204432666e-04
-8.294654620463247016e-03
6.162075458445427818e-03
-3.360786084106323840e-04
6.478243017280205761e-03
-2.686262176490512767e-03
1.408036500402710413e-04
1.686437029667419828e-03
4.630857574583793247e-03
-4.423828550759394129e-03
5.764653739383686500e-05
-2.996322313190909453e-03
8.856654532927102016e-03
-1.952575438094626345e-04
-1.595614234219304428e-02
1.079226538777445371e-03
1.196224909473502874e-03
1.113510929607961771e-04
1.028860912600119536e-03
3.830319306718430166e-03
-5.557864828160816867e-03
-7.182605012245642760e-03
5.264614821012227530e-04
-1.572766977113411110e-02
2.697872143757468200e-04
-6.071804910275970142e-03
2.331500870994631866e-02
1.826083135395372911e-02
-2.055177602275528106e-02
2.622374284375844720e-04
6.291465195977211447e-03
2.199787528050282622e-04
-2.484513657837817465e-03
-3.345631055435603434e-04
5.878249170466337548e-04
2.721313224895599483e-03
-2.095752339333824699e-03
4.112232775923452266e-02
-3.335012427913016265e-03
1.184010900515068427e-03
1.055993453004818009e-05
3.688122398848144376e-05
-9.274364027417420983e-04
-8.696117012344949451e-03
1.111399660515828341e-03
-1.011699829659575521e-02
-3.343086161002956839e-04
1.254182171534655357e-03
2.507577558588846764e-05
-2.497868645957312256e-02
3.640734344197755351e-02
-2.248626490569779340e-03
5.127081038165242147e-03
9.866341982308814845e-04
1.530326878764063292e-04
2.575723872819809298e-03
-6.456859836540367048e-03
-1.987600213130763169e-02
6.866628738418003447e-04
6.033584899685746732e-03
-3.408514408579511011e-03
-1.211109471980301448e-04
7.915423630018358437e-04
3.014188559421491554e-04
4.463661865875466982e-04
-9.056792518856387846e-05
1.934855097813060251e-03
-1.361527416346099595e-04
1.028200291648791924e-04
5.784364909070888400e-04
-1.638326072458212452e-03
1.550120642994440236e-04
7.582498307178145349e-04
3.546304861193478306e-04
1.883923141869798049e-02
2.360251138468174702e-03
1.315766565879723099e-02
-4.839244253860118397e-04
-5.002652239227484620e-04
3.460955034223485091e-03
5.521773909516415092e-03
-1.582270749781194150e-03
-1.467614590758673215e-03
2.620627101550267700e-03
-1.235915231957078844e-04
2.512503068708412356e-03
-8.739807392284930712e-03
-3.745799375077121449e-03
-9.012931481317501548e-03
3.351352363359259064e-03
6.826931022205068138e-03
2.429572953757681841e-03
-8.271158012148118203e-05
-3.445724687760802030e-04
4.789164753361981031e-04
-1.455813752201815187e-03
1.703793106511083911e-03
-9.306910084916726264e-04
4.641520388236121744e-03
1.164150008419290736e-03
1.579198652101678965e-02
-7.190647388417258090e-04
1.356629555081780708e-03
-1.720167761429919340e-02
-1.349139806524897824e-04
-1.167525846252787396e-04
3.002362413782987539e-04
-5.228691608136716351e-05
6.597870762772871161e-04
1.044653967124740523e-03
-1.123424890176842215e-03
3.508781786454502095e-04
3.930937571945602793e-05
2.153216792277308842e-05
1.992496534338157393e-05
2.635214505664266300e-05
-4.720222949024216436e-05
-5.405325976283030915e-06
-5.632755712186585453e-04
-1.209721942427491705e-03
5.886875504577975720e-05
3.149785838118925388e-04
-1.243823140753808857e-05
-2.004103141982557248e-04
-7.984735219435270893e-07
-1.962666598300944909e-06
3.094647629257350489e-06
-4.316724156610524896e-06
-3.067076183391378280e-06
2.832394399895497345e-05
-1.045058942270947935e-05
1.396089602282498447e-05
-2.886057635578431964e-06
-4.341438411108897123e-04
2.761777199523591671e-06
-2.302628154259426333e-06
2.414857769319641905e-08
-1.004763532093807412e-05
-5.771024265158724708e-05
1.886348322383529905e-04
7.217537185678575493e-06
7.693268071747893285e-04
-1.644961195636793309e-06
-4.328930873167443336e-05
-2.991837778738449803e-07
-1.681907724905213317e-06
-3.969312053453159816e-07
-7.951995849820984069e-06
-8.699584468115798177e-07
-4.450910546974175033e-08
-3.024204923948728523e-07
-3.251400177810011908e-07
-2.522015703441404257e-05
3.767952043177418635e-07
7.925904864566152232e-05
1.226621645636248897e-06
-6.053539118155766353e-07
-6.661569441472622128e-04
-3.165653392048375605e-05
6.719904020690887081e-06
2.467970795717489723e-04
-4.998670718968317532e-05
-1.132786250513919605e-04
1.358432600479645466e-04
-5.065435653158814871e-04
-8.700352620564541603e-05
-1.706456661789208958e-04
-5.746864850721473185e-05
-3.755044876232409951e-05
1.524298020783452597e-05
-1.441055255438786082e-05
-1.680004998785504305e-03
-7.978138488979658578e-06
1.755777495051951071e-04
-7.090556434685965047e-06
6.441225744261668860e-07
-2.927184917838048937e-04
-6.021056305061734851e-05
-2.266891197973220165e-04
-5.228495252256934033e-05
1.638290874949657874e-05
-3.914871226290089312e-04
-9.023484465777431359e-06
2.638965687428203180e-04
2.219801524187215097e-04
-8.545840710779716763e-06
6.780312786162117572e-06
1.563704598611975491e-07
5.208624182960828647e-09
7.922987688704600389e-05
1.176497275542135185e-05
4.823380894426570659e-06
-1.411772946689506004e-05
3.070055924481738044e-05
3.636684328044765180e-05
-4.200789675305489392e-03
1.269410720916824668e-04
3.262185183081468300e-03
1.867124956725119708e-04
-3.685763841363189509e-03
4.861323058402018717e-06
1.905107350875043525e-05
-7.444149864192939759e-06
6.510711718353914303e-04
3.018115113310372187e-04
-3.407867102630419975e-04
-6.919494692320677775e-04
-1.296220963255087131e-04
-6.965802137514209976e-04
-6.326595743185027369e-04
1.323693690907365092e-04
-3.126656650697505355e-05
1.455944471654843848e-04
4.017284848284167174e-03
-2.699606884129834893e-04
-2.188550882450024035e-02
1.906020749145853274e-02
-6.255761653222024089e-04
2.068175413374723562e-03
7.874923538871985589e-05
-3.744960392543571735e-03
6.685760367687126849e-04
6.686749696386867954e-04
8.789940608832800499e-07
-5.465613074845858052e-03
-3.902009337061555761e-04
-1.829036729884118249e-05
-3.183338056020888849e-03
-2.130285337109928071e-03
-2.878581988645976739e-02
-1.922813495486044117e-03
9.794639795232441479e-03
1.184846982336334054e-03
4.351108802197151495e-04
8.243281550058614848e-04
-2.299328069170814698e-02
1.026777952531042308e-02
6.246448624947787027e-03
2.661611814380560308e-03
4.485586358732164547e-02
-1.450963074355710600e-03
2.810892332326907477e-04
3.213193292740696740e-03
-9.458333181380859309e-03
-4.434323951629546429e-02
-3.515134220967187310e-03
5.951179744741078026e-02
1.115683555017220894e-03
-1.081351609774720444e-03
-2.342772569353575860e-04
-2.890683445994572231e-04
1.826219897635704068e-03
9.930481540536733112e-03
-8.141467642949012928e-03
-2.214498934043314989e-03
5.000767612740959246e-03
-6.808200695155619195e-03
-6.055852847580793768e-04
-6.695642751335498244e-02
1.954248020878525047e-03
-1.980445691933478778e-03
2.054493847580546854e-06
-1.673384550788215800e-04
6.672299536920092565e-07
4.217322204080846670e-06
1.815795965395279646e-07
3.706369763764713099e-06
1.076593639022286177e-06
-6.379784395056665371e-06
-6.449833970307786027e-04
-9.770557893240057468e-03
-8.634643150736081392e-04
-1.211781720229356072e-03
1.804213040854980125e-06
-3.555608861655397518e-07
-3.909586447495030925e-02
-6.340116002795011425e-03
-1.064141133835123064e-02
5.409397514241895194e-04
-8.711759245166989483e-04
-1.214087733179499079e-03
-2.612385338018441416e-03
-1.322341549421212833e-03
-8.744873992911952540e-03
-2.621753206257400673e-02
2.437677870124278431e-02
2.399390658976990540e-03
-2.913757627947558427e-03
1.355085970306215380e-03
-2.037828035821944578e-03
-4.762529399184578640e-05
-4.693847711833747892e-06
-3.668862198239766998e-04
-7.222064890848220160e-05
-4.903706009599041437e-06
-4.021847074352287075e-05
1.488935533319463937e-03
1.889624985269747583e-04
7.871611507696397954e-06
-9.919611473675757959e-04
-9.007262459761630443e-05
2.529334602112676157e-06
5.954205654574811196e-04
1.838199855579496916e-02
4.902282701688677642e-03
4.217867602294390829e-04
-1.859256246626723487e-03
8.074851915529349458e-03
-5.652973455805164384e-04
-1.014326950222667161e-02
-2.690581706164596899e-03
-2.068318326448131093e-03
-1.867732739274159887e-03
-1.989375662346041227e-04
-1.765110833863794059e-03
5.837475241344677705e-03
7.721877991790782568e-03
-3.286740866188400754e-04
9.980063495361613662e-03
-4.620944374023535991e-06
1.015967994666309169e-03
2.367324583461877241e-02
8.182255947827831236e-03
-5.148703506264820998e-03
-6.872890846189373443e-05
-1.235850307840128011e-02
-8.346395576863411474e-06
2.059687162459795224e-04
-9.898828696127770586e-05
-1.240261416233778147e-05
3.846348415626660126e-03
1.754555454416025081e-04
-3.194815828602475417e-03
-1.643253397859639558e-04
-1.682985085036617248e-04
-1.122640989743746663e-07
-1.831196792447400416e-06
4.609959967710627161e-05
-4.415816037073378364e-04
-6.656376841671455549e-05
-5.073223586324295724e-04
-4.879328172991688028e-05
-7.175898338467936457e-05
3.629847833423796143e-06
-4.321594980279455656e-02
-1.163361958815246726e-03
-6.799735979881090658e-04
-2.403726713853426150e-03
-3.781895361906587749e-05
-7.351469665921057923e-06
-7.886829803901350367e-04
1.097159172920375613e-03
7.241428829149943423e-03
-3.515072362148834628e-05
-8.793047508426308232e-04
2.861980564762201169e-04
2.166366409385211671e-06
-5.467493787751896592e-05
-1.078178758718664775e-05
-1.570308605898667700e-05
5.128052819423075308e-06
-8.695706777520213185e-05
4.227402097795809317e-06
-3.708407767484251963e-06
-3.934391234723086427e-05
8.654814879323248099e-05
-2.579638308667693083e-06
-1.842197975501955493e-05
-1.839642873758417672e-05
5.445783979896125226e-03
-8.601953107094576878e-05
1.944272498084813989e-03
3.490406518033854679e-05
5.048679889781834077e-04
-3.000402093803946485e-04
-7.248626103557001717e-04
1.371701263368057524e-04
2.348954015512831031e-04
-2.250855692206742619e-04
3.430380904127281934e-06
1.048649772033525239e-03
3.785043547331136448e-04
1.620394583375458391e-04
-2.066699841057466694e-03
-1.299482052407441692e-04
-5.068860156148153337e-04
8.902241440223364680e-03
2.498750309921352214e-06
2.010740574936075172e-05
-2.448537954629743005e-05
6.970673138093838323e-05
-8.841931111406275674e-05
-1.027944933315286522e-05
-3.010787360958776444e-04
-2.379303812483689958e-05
-1.934202627283066519e-03
9.819481678967929698e-05
-6.143622726577372328e-04
5.625672465570748151e-04
9.724333921792008761e-06
3.833832973434479307e-06
-5.803901181723203057e-06
7.401901567806350471e-06
-3.701475445432795191e-05
-4.860731922841188366e-05
5.001056721561845898e-05
-5.411165945734882639e-05
-4.317676054215255775e-07
-3.191706363451435817e-07
-2.643123869555086339e-07
-6.909692248843623147e-07
5.916862729471355681e-07
1.101787258247585958e-06
1.865319931856430758e-05
3.602955639211019725e-05
-9.556960589713412879e-07
-3.328397677498517128e-06
-1.329244202362159054e-06
1.269088018099919353e-05
4.399939573118505604e-09
1.643024322522838365e-08
-3.240793871306299512e-08
1.358810471084370183e-08
4.513194642814690437e-08
-2.343898059817162719e-07
1.364734280528866971e-07
-1.197897949281060538e-07
3.450253314346492961e-08
1.071919898607711402e-05
-1.155085006947133334e-07
3.211357078463833461e-07
-1.698099617491668390e-09
5.368242424763356956e-07
6.312592026454269493e-07
-2.504758925599836237e-06
-1.953892820992443564e-07
-1.273965180142687596e-05
-4.576608985139777378e-08
2.882027118437877925e-07
-4.560177970916127466e-09
-9.827791920242023024e-09
-2.388113512663248457e-10
-8.397897827037287711e-08
6.191826136271159423e-09
3.916550103236582494e-09
3.978987473381145657e-08
-9.984428190463391817e-08
1.036906777774618215e-07
-7.956693451756516808e-10
-7.027776539819680553e-07
-1.653807002829602043e-08
3.114946781978841441e-09
1.249639000621520468e-05
4.863450433841342348e-07
-1.126617446500130881e-07
-3.117503272018317743e-06
8.749970176904749663e-07
1.130225183971485566e-06
-6.655180748092024493e-06
1.238573250336067734e-05
1.053594000694666548e-06
3.066160355483237635e-06
4.869501069315561583e-07
6.692713699827205314e-07
-1.340843453898413344e-07
5.407376402424760112e-09
1.272595002039745497e-04
1.175101488082147034e-07
-2.151193210525393764e-06
2.628524573620710561e-08
-5.179861346342814849e-09
6.420775524403684199e-06
3.713257092382334451e-06
3.377017722046338779e-06
1.002061099907312818e-06
-2.887290874686813286e-06
5.161867044371113049e-06
1.219486504542897926e-07
-3.387166152732109614e-06
-2.975209993513992773e-06
8.965479488841196087e-08
-5.830039438269792856e-08
-8.399654618957988946e-10
-1.275967805323782533e-11
-1.860591972004362938e-05
3.108218578246215959e-06
-3.680272970054632394e-07
7.308864239389009198e-07
-6.874368413685031617e-07
1.560255910465865219e-05
1.998428367585965094e-04
-1.352903249235403616e-05
-2.713167583334318727e-04
-9.528205100671778408e-06
1.610781076100064821e-04
6.595191498422073069e-09
-2.621472471840619741e-07
6.797283053099869585e-08
7.205636522357187416e-05
7.650013908010295763e-07
-1.139761528267187494e-04
1.296115930021646961e-04
-5.425602833646978452e-05
-3.711781556447704716e-05
-2.769721956758896663e-05
6.886430260207323927e-06
3.223506118069057846e-07
-1.638424334813876718e-06
-7.258709870216196319e-03
2.347950601425278708e-05
6.641239034517304116e-03
-9.210862178188651550e-03
4.167739629756622260e-05
-1.678184470385830972e-04
-4.173279813447073163e-06
-1.544055243407182120e-03
-2.794493887524951344e-05
-3.730932357150484733e-05
-3.441816997364012671e-09
1.303487534550897779e-03
4.921976723755010783e-04
2.355573801695671534e-07
1.611723608177711227e-04
3.798302478696580675e-04
1.916483100503679066e-02
-3.362554416677829630e-03
-1.841024826178432657e-03
1.549798978660920713e-04
-2.547791630966158378e-05
1.909648221291484333e-04
3.519142296588040103e-04
-8.618047494561135741e-04
-6.840625151101473915e-04
-2.945146579320156999e-03
-1.908426509370941826e-02
-2.876915310692359715e-03
5.388500321883822825e-04
-9.015977458772710465e-04
-5.185546220552243214e-03
1.807059402293838615e-02
3.703359500367695879e-03
1.396802484772093587e-02
2.544231038743049230e-04
-1.881872631945042014e-04
1.536251926429845659e-05
1.552943842282575014e-05
7.029671253424087411e-04
1.142666979547090440e-03
6.957879971260217365e-04
-1.781147304641409390e-03
5.934594820026749127e-05
-3.459868729351992054e-03
-1.696083866297666608e-04
3.372106348643745533e-03
1.081299742122561011e-05
-1.476357426784986610e-04
-1.210514134230290516e-08
5.505446635680552563e-06
-2.805511384764455389e-09
-2.324110408024700429e-08
-5.413567194271120256e-10
-1.686583846972524260e-08
-3.663955799399747017e-09
3.592321024137321939e-08
1.006320225252216186e-04
2.761693353930914051e-03
2.108756214021238111e-04
1.738229536350187072e-04
-7.922799461373699312e-09
1.443995493124422419e-09
2.227156734490444261e-03
5.247577115956977758e-04
-1.554476288270546813e-04
5.891542701904785391e-06
-2.157790135509494881e-04
-1.854166530024427696e-04
2.280567183648930698e-04
1.523276593739456692e-04
1.242937873231544314e-03
-8.316764723177357335e-03
8.598887557287025057e-03
3.583420145418966720e-03
2.684109990621853271e-03
-4.451622867133499928e-05
1.211794191589145948e-04
5.993360552514773605e-07
4.647456118350064192e-08
1.210937982210933196e-05
1.324664084985036750e-05
4.892653705850012531e-08
-8.049374015814316974e-06
-7.411995265178410478e-05
-5.523885699739361152e-05
-8.073966984964028414e-08
4.237365598854868056e-05
1.687963190494603483e-05
-5.602380031571654427e-08
4.773935840447342347e-04
7.525604588168166922e-03
-3.636477664670943657e-03
1.669233636242666030e-04
-2.089283914209017021e-03
1.318343417244874968e-03
2.475758063830538289e-03
-1.621256464705994127e-03
5.775001383239704387e-04
4.689040842271843313e-04
5.110779490347549430e-04
-1.378478955641972976e-05
-6.395845956972644457e-05
-1.056059378863583552e-03
-1.607896691074163758e-03
1.020412554096571632e-04
